1 0 100699 1
1 0 103475 1
1 0 99516 0
1 0 116906 1
1 0 89174 1
1 0 115981 0
1 0 114258 1
1 0 115636 1
1 0 126507 0
1 0 99724 1
1 0 91838 0
1 0 91837 0
1 0 89898 0
1 0 101624 0
1 0 101221 1
1 0 49554 0
1 0 52749 0
1 0 91856 1
1 0 105932 1
1 0 81114 0
2 0 98864 1
2 0 101699 1
2 0 101945 1
2 0 108380 1
2 0 100178 1
2 0 126682 0
2 0 72386 1
2 0 100561 1
2 0 62097 1
2 0 98707 1
2 0 108273 1
2 0 99279 0
2 0 91549 1
2 0 45249 1
2 0 119944 1
2 0 99516 1
2 0 90785 0
2 0 90970 1
2 0 62473 1
2 0 105975 1
3 0 60066 1
3 0 127208 1
3 0 121735 1
3 0 121669 1
3 0 107185 1
3 0 45780 1
3 0 99512 1
3 0 127881 1
3 0 66466 1
3 0 53029 1
3 0 116764 1
3 0 91359 1
3 0 104592 1
3 0 128640 1
3 0 33422 1
3 0 59714 1
3 0 69679 1
3 0 119379 1
3 0 62437 1
3 0 66764 1
4 0 73873 1
4 0 99389 1
4 0 107576 0
4 0 73886 1
4 0 89550 0
4 0 80143 1
4 0 104583 1
4 0 91361 0
4 0 95547 0
4 0 45274 1
4 0 60189 0
4 0 51960 1
4 0 101070 1
4 0 76975 0
4 0 72952 1
4 0 33500 0
4 0 33499 0
4 0 91507 0
4 0 29659 0
4 0 101748 0
5 0 90802 1
5 0 124153 1
5 0 116907 1
5 0 89658 0
5 0 89726 0
5 0 47304 0
5 0 93607 0
5 0 46408 0
5 0 46290 0
5 0 46235 0
5 0 46204 0
5 0 46193 0
5 0 89909 0
5 0 102828 0
5 0 102795 0
5 0 54604 0
5 0 54579 0
5 0 54204 0
5 0 49148 0
5 0 49139 0
6 0 124585 1
6 0 90687 1
6 0 90916 0
6 0 62315 0
6 0 105845 1
6 0 106222 1
6 0 62830 1
6 0 115720 0
6 0 73455 1
6 0 62356 1
6 0 46398 1
6 0 73456 1
6 0 106230 0
6 0 93576 1
6 0 99728 1
6 0 62829 0
6 0 99065 1
6 0 108366 0
6 0 100459 1
6 0 107799 1
7 0 115760 1
7 0 105932 1
7 0 47440 1
7 0 89618 1
7 0 91471 1
7 0 45655 1
7 0 101541 0
7 0 45313 1
7 0 127241 1
7 0 114009 0
7 0 114005 0
7 0 114004 0
7 0 114006 0
7 0 78651 0
7 0 78650 0
7 0 78649 0
7 0 117978 0
7 0 117977 0
7 0 117976 0
7 0 117975 0
8 0 88857 0
8 0 94957 0
8 0 76404 0
8 0 89324 0
8 0 63404 1
8 0 29783 1
8 0 125320 1
8 0 30406 1
8 0 76386 0
8 0 101549 1
8 0 101535 1
8 0 108060 1
8 0 59028 1
8 0 90315 1
8 0 27498 1
8 0 114615 1
8 0 59075 1
8 0 107522 1
8 0 126307 1
8 0 15615 1
9 0 127472 0
9 0 127471 0
9 0 127470 0
9 0 127469 0
9 0 127468 0
9 0 127467 0
9 0 127466 0
9 0 127465 0
9 0 127464 0
9 0 127463 0
9 0 127462 0
9 0 127461 0
9 0 127460 0
9 0 127459 0
9 0 127458 0
9 0 127457 0
9 0 127456 0
9 0 127454 0
9 0 127453 0
9 0 127452 0
10 0 30031 1
10 0 116767 1
10 0 114009 0
10 0 114005 0
10 0 114004 0
10 0 114006 0
10 0 117978 0
10 0 117977 0
10 0 117976 0
10 0 117975 0
10 0 88857 1
10 0 94957 1
10 0 101751 1
10 0 45793 0
11 0 101699 1
11 0 100178 1
11 0 108380 1
11 0 58972 1
11 0 62097 1
11 0 74704 1
11 0 106079 1
11 0 99279 0
11 0 45249 1
11 0 119944 1
11 0 75128 1
11 0 99454 1
11 0 106288 1
11 0 125673 1
11 0 107466 1
11 0 115066 1
11 0 116192 1
11 0 89117 1
11 0 30308 1
11 0 49259 1
12 0 125603 1
12 0 106233 1
12 0 106232 1
12 0 106231 1
12 0 109753 1
12 0 93051 0
12 0 108319 0
12 0 108318 0
12 0 108317 0
12 0 108316 0
12 0 108315 0
12 0 108314 0
12 0 108313 0
12 0 108312 0
12 0 108311 0
12 0 108310 0
12 0 108309 0
12 0 108308 0
12 0 108307 0
12 0 108306 0
13 0 109147 1
13 0 91576 1
13 0 74753 1
13 0 93014 1
13 0 91573 1
13 0 91569 1
13 0 93026 1
13 0 74009 1
13 0 93031 1
13 0 93050 1
13 0 91557 1
13 0 101365 1
13 0 91636 0
13 0 91635 0
13 0 91634 0
13 0 91633 0
13 0 107786 1
13 0 125784 1
13 0 101198 0
13 0 101191 0
14 0 91566 1
14 0 114351 0
14 0 99301 0
14 0 60135 1
14 0 105471 1
14 0 91512 1
14 0 59729 1
14 0 106254 0
14 0 45331 0
14 0 114615 0
14 0 105486 1
14 0 107887 1
14 0 102822 1
14 0 101128 1
14 0 114837 1
14 0 119209 1
14 0 90877 1
14 0 103324 0
14 0 107467 1
14 0 60040 1
15 0 18610 1
15 0 114860 0
15 0 114859 0
15 0 114857 0
15 0 114855 0
15 0 114851 0
15 0 114850 0
15 0 114847 0
15 0 114845 0
15 0 114843 0
15 0 114842 0
15 0 114841 0
15 0 114840 0
15 0 114839 0
15 0 114838 0
15 0 114836 0
15 0 114834 0
15 0 114833 0
15 0 114832 0
15 0 114831 0
16 0 90318 1
16 0 99063 1
16 0 105843 0
16 0 99043 1
16 0 126349 0
16 0 116735 1
16 0 116734 1
16 0 116733 1
16 0 116732 1
16 0 107982 0
16 0 100159 0
16 0 116693 0
16 0 90012 0
16 0 106588 0
16 0 116428 1
16 0 60071 1
16 0 105688 0
16 0 89503 0
16 0 98906 1
16 0 124718 0
17 0 121072 1
17 0 99471 1
17 0 101322 1
17 0 91507 1
17 0 63436 1
17 0 47394 1
17 0 116702 0
17 0 104448 1
17 0 101703 1
17 0 89464 1
17 0 62383 1
17 0 65865 1
17 0 91464 1
17 0 89426 1
17 0 60030 1
17 0 105680 1
17 0 76956 1
17 0 119944 1
17 0 89842 0
17 0 100156 1
18 0 123862 1
18 0 116229 1
18 0 121584 0
18 0 114653 0
18 0 101087 1
18 0 101214 0
18 0 116906 1
18 0 73017 0
18 0 115004 0
18 0 98707 1
18 0 113955 1
18 0 101191 0
18 0 93290 1
18 0 74604 1
18 0 91815 1
18 0 115822 1
18 0 90934 1
18 0 92512 1
18 0 74120 0
18 0 101198 0
19 0 101508 1
19 0 62310 1
19 0 66268 1
19 0 125979 1
19 0 62256 1
19 0 30512 1
19 0 30428 1
19 0 39756 1
19 0 32738 1
19 0 126068 1
19 0 91948 1
19 0 91781 1
19 0 115719 1
19 0 39755 1
19 0 32736 1
19 0 62288 1
19 0 68741 1
19 0 62513 1
19 0 91795 1
19 0 91794 1
20 0 101087 1
20 0 116208 1
20 0 125710 1
20 0 104550 1
20 0 108242 1
20 0 110241 1
20 0 108120 1
20 0 62509 1
20 0 62508 1
20 0 62174 1
20 0 91465 0
20 0 89706 0
20 0 101065 1
20 0 99436 1
20 0 120267 1
20 0 99120 1
20 0 58707 1
20 0 116260 1
20 0 76378 0
20 0 127769 1
1 0 125321 0
1 0 45313 1
1 0 58257 1
1 0 93011 1
1 0 60128 0
1 0 60127 0
1 0 63393 0
1 0 62382 0
1 0 62359 0
1 0 62330 0
1 0 62784 0
1 0 62776 0
1 0 65950 0
1 0 65864 0
1 0 66530 0
1 0 66528 0
1 0 47952 0
1 0 53067 0
1 0 15387 0
1 0 61103 0
2 0 100302 1
2 0 127391 1
2 0 105974 1
2 0 101566 0
2 0 93033 1
2 0 92085 0
2 0 105970 1
2 0 46282 1
2 0 30308 1
2 0 49259 1
2 0 58972 1
2 0 62523 1
2 0 101386 1
2 0 45210 0
2 0 29424 1
2 0 29423 1
2 0 58611 1
2 0 121261 1
2 0 116192 1
3 0 101778 1
3 0 91952 1
3 0 74265 0
3 0 74264 0
3 0 89900 1
3 0 93570 1
3 0 89902 1
3 0 77178 1
3 0 115062 1
3 0 110361 1
3 0 95545 1
3 0 106699 1
3 0 117915 1
3 0 113947 1
3 0 118662 1
3 0 116958 1
4 0 109803 0
4 0 107454 0
4 0 117962 0
4 0 107428 0
4 0 106245 0
4 0 116581 1
4 0 68710 0
4 0 62256 0
4 0 95345 0
4 0 89592 0
4 0 127851 0
4 0 116223 0
4 0 120225 0
4 0 121617 0
4 0 32753 0
4 0 89540 0
4 0 93668 0
4 0 109772 0
5 0 105287 0
5 0 115989 0
5 0 60189 0
5 0 91395 0
5 0 91685 1
5 0 116624 0
5 0 100490 0
5 0 91725 0
5 0 115404 0
5 0 90336 0
5 0 101544 0
5 0 115075 0
5 0 89639 0
5 0 101124 1
5 0 101947 0
5 0 125710 1
5 0 48972 0
5 0 52672 0
5 0 54838 0
5 0 48877 0
6 0 99282 1
6 0 62330 0
6 0 105844 0
6 0 46251 1
6 0 100430 1
6 0 105691 1
6 0 59252 1
6 0 74019 1
6 0 58789 1
6 0 69148 1
6 0 46335 1
6 0 126544 1
6 0 47080 0
6 0 30352 0
6 0 74048 1
6 0 60021 1
6 0 126550 0
6 0 31110 0
6 0 108030 1
7 0 13511 0
7 0 5960 0
7 0 5959 0
7 0 107799 0
7 0 49371 1
7 0 101083 0
7 0 127476 1
7 0 105691 1
7 0 105242 1
7 0 101515 1
7 0 46253 0
7 0 73097 0
7 0 73994 1
8 0 46305 1
8 0 115790 1
8 0 12826 1
8 0 5839 1
8 0 6876 1
8 0 6875 1
8 0 89205 1
8 0 89204 1
8 0 109803 0
8 0 107454 0
8 0 91793 0
8 0 46421 1
8 0 6874 1
8 0 89893 0
8 0 65958 1
8 0 101095 1
8 0 96256 0
8 0 122439 0
8 0 15300 1
11 0 62473 1
11 0 76183 1
11 0 106707 1
11 0 105975 1
11 0 100302 1
11 0 46282 1
11 0 62523 1
11 0 101386 0
11 0 114870 0
11 0 29424 1
11 0 29423 1
11 0 106722 1
11 0 58611 1
11 0 104555 0
11 0 101119 0
13 0 91525 1
13 0 91482 1
13 0 91696 1
13 0 68669 1
13 0 76967 1
13 0 62190 1
13 0 101187 1
13 0 91714 1
14 0 74279 0
14 0 74607 0
14 0 107785 1
14 0 91673 1
14 0 76407 0
14 0 89438 0
14 0 105865 0
14 0 107824 0
14 0 114275 0
14 0 63384 1
14 0 62362 1
14 0 62343 1
14 0 65844 1
14 0 104556 1
14 0 101120 1
14 0 114811 1
14 0 76969 0
14 0 63456 1
14 0 63393 1
14 0 62353 1
15 0 114830 0
15 0 108027 1
15 0 29642 1
15 0 41267 1
15 0 33632 1
15 0 107427 1
15 0 49729 1
15 0 33420 1
15 0 33485 1
15 0 72761 1
15 0 62270 1
15 0 68404 0
15 0 60148 0
15 0 108020 0
15 0 12995 0
15 0 12993 0
15 0 9378 0
15 0 9375 0
15 0 9371 0
15 0 9370 0
16 0 124712 0
16 0 110861 0
16 0 89196 1
16 0 96275 1
16 0 100131 0
16 0 116092 0
16 0 116087 0
16 0 67656 1
16 0 110231 1
16 0 108106 1
16 0 101677 1
16 0 29604 1
16 0 91849 1
16 0 91841 1
16 0 62286 1
16 0 104756 1
16 0 104755 1
16 0 101663 1
16 0 101662 1
17 0 101316 1
17 0 101210 1
17 0 89841 0
17 0 89843 0
17 0 91588 1
17 0 73975 1
17 0 91590 1
17 0 114883 1
17 0 68403 1
17 0 109757 1
17 0 106247 1
17 0 60147 1
17 0 104537 1
17 0 99812 1
17 0 98871 1
17 0 98868 1
17 0 89131 1
17 0 95703 1
17 0 114868 1
17 0 114847 1
17 0 114807 1
17 0 119230 1
17 0 119219 1
17 0 119191 1
17 0 98652 1
17 0 101869 1
17 0 91488 1
17 0 90190 1
17 0 91396 1
17 0 124221 1
18 0 101187 1
18 0 74283 1
18 0 109789 1
18 0 106282 1
18 0 115101 1
18 0 101885 1
18 0 101194 1
18 0 101873 1
18 0 107428 1
18 0 74294 1
18 0 103490 1
18 0 101196 1
18 0 101210 1
18 0 99423 1
18 0 101872 1
18 0 101758 1
18 0 59137 0
18 0 59029 1
18 0 66294 1
19 0 62500 1
19 0 125939 1
19 0 62521 1
19 0 116492 1
19 0 106389 1
19 0 99307 1
19 0 62314 1
19 0 90909 1
19 0 68710 1
19 0 62495 1
19 0 62507 1
19 0 75137 1
19 0 62313 1
19 0 123862 1
19 0 32752 1
19 0 40443 1
19 0 30480 1
19 0 39766 1
19 0 32748 1
19 0 128190 1
19 0 127573 1
20 0 95748 1
20 0 74007 0
20 0 101416 0
20 0 107450 1
20 0 105471 1
20 0 116218 1
20 0 116287 1
20 0 122388 1
20 0 124803 0
20 0 49445 1
20 0 53244 1
20 0 105993 0
20 0 127840 0
20 0 124298 0
20 0 121658 0
20 0 45301 0
20 0 45300 0
20 0 40213 0
20 0 29443 0
